XL/2 @ 100k
Inception Score: 122.14485168457031                                                                                                                                                                                           
FID: 7.156954631595056                                                                                                                                                                                                        
sFID: 4.976955193591721                                                                                                                                                                                                       
Precision: 0.75316                                                                                                                                                                                                            
Recall: 0.5972

    with CFM:
        Inception Score: 123.948486328125
        FID: 7.239271648987028
        sFID: 6.1776850681528686
        Precision: 0.76376
        Recall: 0.577

XL/2 @ 400k
Inception Score: 178.141357421875
FID: 2.996033075112507
sFID: 4.411010295598999
Precision: 0.76946
Recall: 0.6317