XL/2 @ 100k
Inception Score: 122.14485168457031                                                                                                                                                                                           
FID: 7.156954631595056                                                                                                                                                                                                        
sFID: 4.976955193591721                                                                                                                                                                                                       
Precision: 0.75316                                                                                                                                                                                                            
Recall: 0.5972

    with Logit normal sampling:
        Inception Score: 117.76448059082031
        FID: 7.152249935514305
        sFID: 5.0484753372857085
        Precision: 0.74394
        Recall: 0.6124


XL/2 @ 400k
Inception Score: 178.141357421875
FID: 2.996033075112507
sFID: 4.411010295598999
Precision: 0.76946
Recall: 0.6317